2 1 0 322 281 135 -1 -1 -1 -1 
3 1 0 321 282 137 -1 -1 -1 -1 
4 1 0 320 283 138 -1 -1 -1 -1 
5 1 0 319 284 139 -1 -1 -1 -1 
6 1 0 318 285 140 -1 -1 -1 -1 
7 1 0 317 286 141 -1 -1 -1 -1 
8 1 0 316 285 142 -1 -1 -1 -1 
9 1 0 315 286 143 -1 -1 -1 -1 
10 1 0 314 287 144 -1 -1 -1 -1 
11 1 0 313 287 145 -1 -1 -1 -1 
12 1 0 310 288 148 -1 -1 -1 -1 
13 1 0 308 289 150 -1 -1 -1 -1 
14 1 0 307 288 151 -1 -1 -1 -1 
15 1 0 307 287 151 -1 -1 -1 -1 
16 1 0 308 287 150 -1 -1 -1 -1 
17 1 0 308 287 150 -1 -1 -1 -1 
18 1 0 308 287 150 -1 -1 -1 -1 
19 1 0 308 286 151 -1 -1 -1 -1 
20 1 0 308 286 151 -1 -1 -1 -1 
21 1 0 308 285 151 -1 -1 -1 -1 
22 1 0 309 284 151 -1 -1 -1 -1 
23 1 0 309 283 151 -1 -1 -1 -1 
24 1 0 309 283 151 -1 -1 -1 -1 
25 1 0 310 283 151 -1 -1 -1 -1 
26 1 0 312 281 149 -1 -1 -1 -1 
27 1 1 312 280 149 -1 -1 -1 -1 
28 1 1 312 279 150 -1 -1 -1 -1 
29 1 1 313 279 149 -1 -1 -1 -1 
30 1 2 314 278 149 -1 -1 -1 -1 
31 1 2 315 278 149 -1 -1 -1 -1 
32 1 3 316 277 149 -1 -1 -1 -1 
33 1 3 317 277 149 -1 -1 -1 -1 
34 1 3 317 278 150 -1 -1 -1 -1 
35 1 4 319 277 150 -1 -1 -1 -1 
36 1 4 321 277 150 -1 -1 -1 -1 
37 1 5 323 276 150 -1 -1 -1 -1 
38 1 7 326 274 148 -1 -1 -1 -1 
39 1 10 328 272 147 -1 -1 -1 -1 
40 1 12 330 271 147 -1 -1 -1 -1 
41 1 15 333 270 146 -1 -1 -1 -1 
42 1 19 337 268 145 -1 -1 -1 -1 
43 1 23 341 267 144 -1 -1 -1 -1 
44 1 26 344 268 144 -1 -1 -1 -1 
45 1 30 349 269 144 -1 -1 -1 -1 
46 1 36 356 268 144 -1 -1 -1 -1 
47 1 43 363 266 144 -1 -1 -1 -1 
48 1 46 372 267 144 -1 -1 -1 -1 
49 1 49 381 273 148 -1 -1 -1 -1 
53 2 81 449 260 153 -1 -1 -1 -1 
54 2 84 464 264 156 -1 -1 -1 -1 
54 3 327 1 78 176 -1 -1 -1 -1 
55 2 82 478 268 159 -1 -1 -1 -1 
55 3 325 4 80 189 -1 -1 -1 -1 
56 2 84 491 270 159 -1 -1 -1 -1 
56 3 326 15 79 193 -1 -1 -1 -1 
57 2 86 506 271 160 -1 -1 -1 -1 
57 3 325 19 80 200 -1 -1 -1 -1 
58 2 87 518 272 161 -1 -1 -1 -1 
58 3 332 51 73 180 -1 -1 -1 -1 
59 2 92 531 270 160 -1 -1 -1 -1 
59 3 332 59 73 184 -1 -1 -1 -1 
60 2 94 541 272 161 -1 -1 -1 -1 
61 2 94 548 276 164 -1 -1 -1 -1 
62 2 96 558 274 161 -1 -1 -1 -1 
62 3 338 94 67 168 -1 -1 -1 -1 
63 2 103 565 266 154 -1 -1 -1 -1 
63 3 341 106 64 160 -1 -1 -1 -1 
64 2 116 571 256 148 -1 -1 -1 -1 
64 3 351 155 53 114 -1 -1 -1 -1 
65 2 123 577 247 142 -1 -1 -1 -1 
65 3 356 180 44 92 -1 -1 -1 -1 
66 2 126 580 243 139 -1 -1 -1 -1 
66 3 356 185 44 90 -1 -1 -1 -1 
67 2 127 582 242 137 -1 -1 -1 -1 
67 3 357 191 43 86 -1 -1 -1 -1 
68 2 128 585 239 134 -1 -1 -1 -1 
68 3 357 194 43 85 -1 -1 -1 -1 
69 2 130 586 238 133 -1 -1 -1 -1 
69 3 357 197 43 84 -1 -1 -1 -1 
70 2 133 588 236 131 -1 -1 -1 -1 
70 3 357 197 44 85 -1 -1 -1 -1 
71 2 129 588 238 131 -1 -1 -1 -1 
71 3 357 198 45 85 -1 -1 -1 -1 
72 2 128 589 239 130 -1 -1 -1 -1 
72 3 357 199 45 85 -1 -1 -1 -1 
73 2 126 590 240 129 -1 -1 -1 -1 
73 3 357 198 46 87 -1 -1 -1 -1 
74 2 123 589 243 130 -1 -1 -1 -1 
74 3 356 196 48 90 -1 -1 -1 -1 
75 2 120 590 244 129 -1 -1 -1 -1 
75 3 354 192 51 96 -1 -1 -1 -1 
76 2 118 590 247 129 -1 -1 -1 -1 
76 3 351 179 54 109 -1 -1 -1 -1 
77 2 116 590 249 129 -1 -1 -1 -1 
77 3 351 171 54 118 -1 -1 -1 -1 
78 2 114 590 252 129 -1 -1 -1 -1 
78 3 350 166 55 124 -1 -1 -1 -1 
79 2 113 590 253 129 -1 -1 -1 -1 
79 3 351 166 54 124 -1 -1 -1 -1 
80 2 111 588 258 131 -1 -1 -1 -1 
80 3 353 172 52 118 -1 -1 -1 -1 
81 2 109 587 261 132 -1 -1 -1 -1 
81 3 354 176 51 114 -1 -1 -1 -1 
82 2 107 585 265 134 -1 -1 -1 -1 
82 3 355 179 50 111 -1 -1 -1 -1 
83 2 106 584 266 135 -1 -1 -1 -1 
83 3 356 181 49 108 -1 -1 -1 -1 
84 2 104 582 269 137 -1 -1 -1 -1 
84 3 356 183 49 105 -1 -1 -1 -1 
85 2 102 578 274 141 -1 -1 -1 -1 
85 3 357 185 47 102 -1 -1 -1 -1 
86 2 100 575 278 144 -1 -1 -1 -1 
86 3 357 185 47 102 -1 -1 -1 -1 
87 2 98 573 280 146 -1 -1 -1 -1 
87 3 358 186 45 100 -1 -1 -1 -1 
88 2 97 570 283 149 -1 -1 -1 -1 
88 3 358 187 45 98 -1 -1 -1 -1 
89 2 97 568 283 151 -1 -1 -1 -1 
89 3 359 190 43 94 -1 -1 -1 -1 
90 2 95 565 286 154 -1 -1 -1 -1 
90 3 359 192 43 91 -1 -1 -1 -1 
91 2 94 562 287 157 -1 -1 -1 -1 
91 3 359 192 43 91 -1 -1 -1 -1 
92 2 92 559 290 160 -1 -1 -1 -1 
92 3 359 190 43 92 -1 -1 -1 -1 
93 2 91 555 292 164 -1 -1 -1 -1 
93 3 358 187 45 94 -1 -1 -1 -1 
94 2 91 552 292 167 -1 -1 -1 -1 
94 3 358 187 45 94 -1 -1 -1 -1 
95 2 90 549 296 170 -1 -1 -1 -1 
95 3 359 188 43 92 -1 -1 -1 -1 
96 2 93 546 295 173 -1 -1 -1 -1 
96 3 358 187 45 92 -1 -1 -1 -1 
97 2 95 542 296 177 -1 -1 -1 -1 
97 3 359 189 43 89 -1 -1 -1 -1 
97 8 0 0 122 170 -1 -1 -1 -1 
98 2 98 538 296 181 -1 -1 -1 -1 
98 3 360 189 43 88 -1 -1 -1 -1 
98 8 0 0 121 170 -1 -1 -1 -1 
99 2 102 536 292 183 -1 -1 -1 -1 
99 3 360 188 43 88 -1 -1 -1 -1 
99 8 0 0 130 195 -1 -1 -1 -1 
100 2 106 535 287 184 -1 -1 -1 -1 
100 3 361 188 42 87 -1 -1 -1 -1 
100 8 0 0 132 202 -1 -1 -1 -1 
101 2 110 537 279 182 -1 -1 -1 -1 
101 3 361 188 42 86 -1 -1 -1 -1 
102 2 115 541 270 178 -1 -1 -1 -1 
102 3 361 186 42 87 -1 -1 -1 -1 
103 2 121 546 258 173 -1 -1 -1 -1 
103 3 361 185 42 86 -1 -1 -1 -1 
104 2 125 549 250 170 -1 -1 -1 -1 
104 3 361 185 42 85 -1 -1 -1 -1 
105 2 127 551 245 167 -1 -1 -1 -1 
105 3 360 184 42 85 -1 -1 -1 -1 
106 2 127 552 243 165 -1 -1 -1 -1 
106 3 357 174 47 94 -1 -1 -1 -1 
107 2 128 551 240 165 -1 -1 -1 -1 
107 3 354 155 51 111 -1 -1 -1 -1 
108 2 126 549 240 165 -1 -1 -1 -1 
108 3 351 141 54 123 -1 -1 -1 -1 
109 2 127 547 237 164 -1 -1 -1 -1 
109 3 349 130 56 132 -1 -1 -1 -1 
110 2 126 546 235 162 -1 -1 -1 -1 
110 3 348 121 57 138 -1 -1 -1 -1 
111 2 125 543 234 162 -1 -1 -1 -1 
111 3 350 123 55 133 -1 -1 -1 -1 
112 2 125 540 232 160 -1 -1 -1 -1 
112 3 354 141 51 111 -1 -1 -1 -1 
113 2 124 537 232 159 -1 -1 -1 -1 
113 3 357 151 45 97 -1 -1 -1 -1 
114 2 121 533 230 157 -1 -1 -1 -1 
114 3 357 154 43 90 -1 -1 -1 -1 
115 2 119 529 230 158 -1 -1 -1 -1 
115 3 356 151 43 89 -1 -1 -1 -1 
116 2 113 523 238 162 -1 -1 -1 -1 
116 3 344 91 61 144 -1 -1 -1 -1 
117 2 108 517 243 165 -1 -1 -1 -1 
117 3 339 62 66 167 -1 -1 -1 -1 
118 2 110 514 239 162 -1 -1 -1 -1 
118 3 338 46 67 178 -1 -1 -1 -1 
119 2 111 513 235 158 -1 -1 -1 -1 
119 3 338 41 67 180 -1 -1 -1 -1 
120 2 110 512 233 155 -1 -1 -1 -1 
120 3 339 34 66 182 -1 -1 -1 -1 
121 2 108 509 234 154 -1 -1 -1 -1 
121 3 339 30 66 182 -1 -1 -1 -1 
122 2 106 509 234 151 -1 -1 -1 -1 
122 3 337 20 68 189 -1 -1 -1 -1 
122 8 340 116 65 95 -1 -1 -1 -1 
123 2 104 508 233 149 -1 -1 -1 -1 
123 8 345 119 60 89 -1 -1 -1 -1 
124 2 101 509 231 145 -1 -1 -1 -1 
124 8 347 117 58 89 -1 -1 -1 -1 
125 2 96 508 233 144 -1 -1 -1 -1 
125 8 345 112 60 90 -1 -1 -1 -1 
126 2 89 506 236 143 -1 -1 -1 -1 
126 8 344 108 61 91 -1 -1 -1 -1 
127 2 79 501 244 147 -1 -1 -1 -1 
127 8 339 93 66 105 -1 -1 -1 -1 
128 2 75 499 243 146 -1 -1 -1 -1 
128 8 340 97 65 97 -1 -1 -1 -1 
129 2 69 499 241 143 -1 -1 -1 -1 
129 3 333 8 72 184 -1 -1 -1 -1 
129 8 340 94 65 98 -1 -1 -1 -1 
130 2 65 497 242 142 -1 -1 -1 -1 
130 3 332 2 73 187 -1 -1 -1 -1 
130 8 337 91 66 99 -1 -1 -1 -1 
131 2 61 494 243 142 -1 -1 -1 -1 
131 3 332 4 73 184 -1 -1 -1 -1 
131 8 337 91 65 95 -1 -1 -1 -1 
132 2 55 488 249 144 -1 -1 -1 -1 
132 3 330 0 75 185 -1 -1 -1 -1 
132 8 334 87 67 96 -1 -1 -1 -1 
133 2 49 485 250 144 -1 -1 -1 -1 
133 8 330 74 72 105 -1 -1 -1 -1 
134 2 46 483 247 141 -1 -1 -1 -1 
134 3 329 1 72 175 -1 -1 -1 -1 
134 8 329 69 73 107 -1 -1 -1 -1 
134 10 47 485 251 139 -1 -1 -1 -1 
135 2 43 481 246 140 -1 -1 -1 -1 
135 3 327 1 71 171 -1 -1 -1 -1 
135 10 42 482 251 140 -1 -1 -1 -1 
136 3 326 1 70 168 -1 -1 -1 -1 
136 10 40 480 250 138 -1 -1 -1 -1 
137 3 325 1 70 164 -1 -1 -1 -1 
137 10 36 477 249 137 -1 -1 -1 -1 
138 3 324 0 70 162 -1 -1 -1 -1 
138 8 317 40 81 121 -1 -1 -1 -1 
138 10 31 473 251 138 -1 -1 -1 -1 
139 3 323 2 66 153 -1 -1 -1 -1 
139 8 315 34 83 124 -1 -1 -1 -1 
139 10 28 469 250 136 -1 -1 -1 -1 
140 3 322 2 66 149 -1 -1 -1 -1 
140 10 25 464 250 136 -1 -1 -1 -1 
141 3 321 2 65 144 -1 -1 -1 -1 
141 10 22 459 251 136 -1 -1 -1 -1 
142 3 320 2 64 139 -1 -1 -1 -1 
142 10 19 456 250 135 -1 -1 -1 -1 
143 3 321 13 57 121 -1 -1 -1 -1 
143 10 16 449 254 136 -1 -1 -1 -1 
144 3 319 4 60 123 -1 -1 -1 -1 
144 10 9 440 262 140 -1 -1 -1 -1 
145 3 319 1 59 119 -1 -1 -1 -1 
145 10 6 435 262 141 -1 -1 -1 -1 
146 3 318 0 58 114 -1 -1 -1 -1 
147 3 318 0 57 107 -1 -1 -1 -1 
148 3 318 0 54 99 -1 -1 -1 -1 
148 10 3 423 263 140 -1 -1 -1 -1 
149 3 316 0 53 90 -1 -1 -1 -1 
149 10 2 419 264 140 -1 -1 -1 -1 
150 3 314 0 51 82 -1 -1 -1 -1 
150 10 1 413 265 141 -1 -1 -1 -1 
152 10 0 406 259 139 -1 -1 -1 -1 
154 10 0 401 252 140 -1 -1 -1 -1 
155 10 0 401 247 142 -1 -1 -1 -1 
156 2 0 411 230 143 -1 -1 -1 -1 
156 10 0 397 244 142 -1 -1 -1 -1 
157 2 0 416 224 148 -1 -1 -1 -1 
158 2 0 428 212 151 -1 -1 -1 -1 
162 8 313 0 92 161 -1 -1 -1 -1 
176 14 173 674 70 45 -1 -1 -1 -1 
177 14 176 672 73 47 -1 -1 -1 -1 
177 15 319 215 78 197 -1 -1 -1 -1 
178 15 321 222 78 194 -1 -1 -1 -1 
179 15 323 223 78 195 -1 -1 -1 -1 
180 15 326 222 78 196 -1 -1 -1 -1 
181 15 326 222 79 196 -1 -1 -1 -1 
182 15 327 222 78 195 -1 -1 -1 -1 
183 15 327 223 78 195 -1 -1 -1 -1 
184 15 328 225 77 194 -1 -1 -1 -1 
185 15 329 234 76 188 -1 -1 -1 -1 
186 15 329 234 75 187 -1 -1 -1 -1 
187 15 329 241 75 184 -1 -1 -1 -1 
188 15 330 241 74 183 -1 -1 -1 -1 
189 15 329 237 75 186 -1 -1 -1 -1 
190 15 329 235 76 187 -1 -1 -1 -1 
191 15 333 258 67 163 -1 -1 -1 -1 
192 15 331 247 72 174 -1 -1 -1 -1 
193 15 329 238 75 182 -1 -1 -1 -1 
194 15 329 236 76 184 -1 -1 -1 -1 
195 15 328 235 76 185 -1 -1 -1 -1 
196 15 329 236 76 184 -1 -1 -1 -1 
197 15 328 239 76 183 -1 -1 -1 -1 
198 15 328 242 76 183 -1 -1 -1 -1 
199 15 328 245 75 182 -1 -1 -1 -1 
199 21 232 353 39 115 -1 -1 -1 -1 
200 15 328 248 76 183 -1 -1 -1 -1 
200 21 235 351 38 112 -1 -1 -1 -1 
201 15 329 251 75 182 -1 -1 -1 -1 
201 21 239 351 34 101 -1 -1 -1 -1 
202 15 329 253 76 183 -1 -1 -1 -1 
202 21 241 349 31 90 -1 -1 -1 -1 
203 8 42 202 52 95 -1 -1 -1 -1 
203 15 330 255 75 183 -1 -1 -1 -1 
203 21 241 347 28 85 -1 -1 -1 -1 
204 8 42 207 49 95 -1 -1 -1 -1 
204 15 331 257 74 183 -1 -1 -1 -1 
204 21 242 346 27 78 -1 -1 -1 -1 
205 8 33 215 47 92 -1 -1 -1 -1 
205 15 331 260 74 182 -1 -1 -1 -1 
206 15 331 262 74 182 -1 -1 -1 -1 
207 15 332 263 73 181 -1 -1 -1 -1 
207 21 248 327 28 82 -1 -1 -1 -1 
208 15 333 265 72 180 -1 -1 -1 -1 
208 21 249 325 27 78 -1 -1 -1 -1 
209 15 333 267 72 179 -1 -1 -1 -1 
209 21 252 326 26 71 -1 -1 -1 -1 
210 8 48 223 46 93 -1 -1 -1 -1 
210 15 333 268 72 180 -1 -1 -1 -1 
210 21 254 328 24 63 -1 -1 -1 -1 
211 8 48 227 45 92 -1 -1 -1 -1 
211 15 334 270 71 179 -1 -1 -1 -1 
211 21 255 328 23 57 -1 -1 -1 -1 
212 15 333 272 72 178 -1 -1 -1 -1 
212 21 253 324 23 56 -1 -1 -1 -1 
213 15 333 272 72 178 -1 -1 -1 -1 
213 21 251 321 23 55 -1 -1 -1 -1 
214 15 333 273 71 178 -1 -1 -1 -1 
214 21 249 316 23 56 -1 -1 -1 -1 
215 15 333 274 71 178 -1 -1 -1 -1 
215 21 248 315 23 54 -1 -1 -1 -1 
216 15 332 275 71 178 -1 -1 -1 -1 
216 21 249 314 23 52 -1 -1 -1 -1 
217 15 331 276 71 179 -1 -1 -1 -1 
217 21 249 312 22 49 -1 -1 -1 -1 
218 15 330 278 72 178 -1 -1 -1 -1 
219 15 330 279 71 179 -1 -1 -1 -1 
220 15 329 282 71 177 -1 -1 -1 -1 
220 21 244 311 20 43 -1 -1 -1 -1 
221 15 328 282 71 179 -1 -1 -1 -1 
221 21 242 311 20 39 -1 -1 -1 -1 
222 15 327 284 71 178 -1 -1 -1 -1 
222 21 242 310 19 36 -1 -1 -1 -1 
223 15 327 284 71 179 -1 -1 -1 -1 
224 15 327 284 70 179 -1 -1 -1 -1 
224 25 329 367 64 95 -1 -1 -1 -1 
225 15 326 285 70 178 -1 -1 -1 -1 
225 25 329 368 63 94 -1 -1 -1 -1 
226 15 325 286 71 178 -1 -1 -1 -1 
227 15 325 286 70 179 -1 -1 -1 -1 
228 15 325 287 70 178 -1 -1 -1 -1 
229 15 325 287 70 178 -1 -1 -1 -1 
230 15 325 287 70 179 -1 -1 -1 -1 
231 15 325 288 69 178 -1 -1 -1 -1 
232 15 325 288 70 179 -1 -1 -1 -1 
233 15 325 289 70 178 -1 -1 -1 -1 
234 15 326 290 69 177 -1 -1 -1 -1 
235 8 46 243 43 92 -1 -1 -1 -1 
235 15 326 290 69 177 -1 -1 -1 -1 
236 8 47 243 42 92 -1 -1 -1 -1 
236 15 326 291 70 176 -1 -1 -1 -1 
237 8 47 244 42 91 -1 -1 -1 -1 
237 15 327 291 69 177 -1 -1 -1 -1 
238 8 47 244 42 91 -1 -1 -1 -1 
238 15 327 291 70 178 -1 -1 -1 -1 
239 15 328 291 69 178 -1 -1 -1 -1 
240 8 48 246 41 90 -1 -1 -1 -1 
240 15 329 291 69 178 -1 -1 -1 -1 
241 8 48 246 41 91 -1 -1 -1 -1 
241 15 329 291 69 179 -1 -1 -1 -1 
242 15 329 292 70 178 -1 -1 -1 -1 
243 15 330 292 69 179 -1 -1 -1 -1 
244 15 330 292 69 178 -1 -1 -1 -1 
245 15 330 292 69 178 -1 -1 -1 -1 
246 15 330 292 69 179 -1 -1 -1 -1 
247 15 331 291 69 179 -1 -1 -1 -1 
248 15 331 291 69 179 -1 -1 -1 -1 
249 15 331 291 69 179 -1 -1 -1 -1 
250 15 331 290 70 180 -1 -1 -1 -1 
251 15 332 290 69 180 -1 -1 -1 -1 
252 15 332 289 70 181 -1 -1 -1 -1 
253 15 333 290 69 180 -1 -1 -1 -1 
254 15 333 290 69 179 -1 -1 -1 -1 
255 15 333 290 69 179 -1 -1 -1 -1 
256 15 334 291 68 177 -1 -1 -1 -1 
257 15 334 291 69 177 -1 -1 -1 -1 
258 15 335 289 68 178 -1 -1 -1 -1 
259 15 335 288 69 179 -1 -1 -1 -1 
260 15 336 288 68 179 -1 -1 -1 -1 
261 8 0 304 37 94 -1 -1 -1 -1 
261 15 337 288 68 179 -1 -1 -1 -1 
262 8 0 305 35 94 -1 -1 -1 -1 
262 15 337 288 68 178 -1 -1 -1 -1 
263 8 0 307 33 95 -1 -1 -1 -1 
263 15 338 287 67 179 -1 -1 -1 -1 
264 15 338 286 67 179 -1 -1 -1 -1 
265 8 0 304 34 96 -1 -1 -1 -1 
265 15 339 286 66 178 -1 -1 -1 -1 
266 8 0 304 34 95 -1 -1 -1 -1 
266 15 339 286 66 178 -1 -1 -1 -1 
267 8 0 303 34 96 -1 -1 -1 -1 
267 15 340 285 65 179 -1 -1 -1 -1 
268 8 0 304 34 94 -1 -1 -1 -1 
268 15 340 285 65 178 -1 -1 -1 -1 
269 8 0 305 33 95 -1 -1 -1 -1 
269 15 341 284 64 178 -1 -1 -1 -1 
270 15 341 284 64 177 -1 -1 -1 -1 
271 15 342 283 63 178 -1 -1 -1 -1 
271 25 343 368 62 95 -1 -1 -1 -1 
